0	0	1	1	2	2	2	3	3	4	4	6	7	8	9	11	11	12	12	13	14	14	15	16	18	18	22	22	24	24	24	24	25	26	28	30	30	33	33	34	34	36	38	40	40	42	44	45	46	47	47	48	50	50	50	51	51	52	52	52	52	53	53	54	54	54	55	56	59	60	60	62	62	63	64	64	64	67	70	72	74	76	76	78	79	80	81	82	83	84	86	87	88	89	90	90	90	92	93	95	
197	195	195	194	193	192	192	192	192	192	191	188	186	185	183	182	181	181	181	181	180	178	177	177	176	174	174	173	172	171	170	169	168	167	165	164	162	162	162	162	161	160	160	160	159	158	156	154	153	152	152	151	150	148	146	146	146	145	145	144	144	143	140	139	139	139	135	135	134	134	132	131	131	129	124	123	122	121	119	117	115	115	115	112	112	110	109	109	108	108	105	105	104	104	103	102	102	100	99	98	
198	198	198	201	203	204	206	206	206	208	208	210	212	212	213	213	213	215	215	215	216	217	218	220	220	221	221	222	222	223	223	227	227	228	228	231	232	232	233	234	234	235	236	238	238	239	240	243	243	244	244	244	246	246	246	248	248	248	249	249	250	251	253	253	253	255	259	261	261	262	263	264	264	265	265	266	267	269	270	270	272	272	272	273	274	274	275	275	276	277	278	280	280	280	281	281	281	283	284	284	
379	377	377	376	375	375	374	373	373	373	368	368	367	367	367	365	364	363	363	363	361	361	359	358	358	356	353	353	352	351	350	347	347	347	346	346	346	345	340	340	339	338	338	334	333	333	333	331	329	327	327	327	325	324	320	320	319	319	318	318	318	317	315	315	314	312	311	311	311	311	309	308	308	308	307	305	303	300	299	299	298	297	297	297	296	296	296	295	293	293	293	291	291	290	290	289	289	288	287	286	
380	381	382	382	383	383	387	390	391	395	397	398	399	399	399	401	401	401	402	403	404	407	407	409	410	411	412	412	416	417	417	417	419	419	419	420	420	420	421	422	422	426	426	427	428	428	428	429	429	430	431	432	434	436	436	436	437	437	438	440	443	443	444	444	444	444	444	445	445	446	447	447	449	450	451	451	452	452	453	454	454	454	456	459	459	460	460	461	461	463	464	466	466	466	467	467	467	469	469	470	
570	568	566	563	563	561	561	561	560	558	558	557	557	557	556	556	556	555	555	553	553	549	547	546	546	545	543	543	542	542	541	541	540	539	539	539	539	538	538	536	536	533	533	532	531	529	528	528	527	526	526	521	521	521	520	519	519	517	517	517	514	514	511	511	511	510	509	509	509	508	507	505	504	501	501	501	501	501	500	499	499	494	494	493	492	491	491	490	489	489	486	486	485	485	483	480	479	477	477	475	
570	571	572	572	573	576	576	576	576	578	579	579	583	584	585	586	586	587	588	588	589	592	592	593	594	594	594	595	596	596	596	599	600	601	602	602	602	603	603	604	604	604	605	608	612	615	615	617	618	618	620	620	621	624	624	625	627	627	628	628	630	630	634	638	644	646	646	647	647	649	650	650	651	652	653	654	654	655	655	656	657	658	659	661	662	662	663	663	664	664	666	667	668	673	674	675	676	679	681	683	
796	796	795	794	794	794	793	793	792	785	785	785	784	784	784	784	783	782	782	779	777	776	775	774	773	768	765	764	763	762	762	761	760	759	758	758	757	756	754	752	751	751	750	750	750	750	749	745	744	743	741	741	739	739	738	737	737	736	735	734	732	732	731	730	730	729	729	728	727	727	727	724	722	722	718	718	716	713	713	711	708	707	705	705	702	702	698	697	696	695	691	691	690	690	688	687	686	686	684	683	
797	797	798	799	799	800	805	806	808	808	813	813	814	815	815	816	817	817	818	819	822	823	823	825	826	826	827	827	827	828	828	829	831	833	833	834	836	836	837	839	839	843	843	844	845	846	849	849	850	852	852	853	853	854	854	855	856	856	857	858	858	858	860	860	860	860	860	861	861	863	863	863	864	865	866	866	867	867	867	869	870	870	871	871	873	875	877	877	878	879	881	882	882	883	886	888	888	888	889	890	
973	971	970	970	970	969	968	968	967	966	965	964	964	964	962	962	961	961	961	960	959	959	959	958	956	956	953	952	950	948	947	946	945	944	943	943	941	940	939	937	937	936	936	936	935	935	935	935	934	934	933	933	933	932	932	931	930	930	930	929	929	928	928	925	923	923	923	922	921	921	920	920	919	917	915	913	913	913	910	910	909	908	907	907	906	906	906	901	901	900	900	898	897	897	896	894	894	893	892	892	
973	974	977	978	978	978	980	980	980	981	981	984	985	987	988	990	991	991	992	993	993	996	996	997	998	999	999	1001	1001	1002	1003	1005	1005	1005	1006	1007	1007	1009	1012	1013	1014	1015	1016	1017	1018	1019	1019	1019	1020	1021	1022	1022	1023	1024	1024	1024	1027	1028	1029	1030	1030	1031	1032	1033	1033	1034	1035	1036	1037	1037	1037	1038	1042	1045	1045	1045	1046	1047	1048	1050	1051	1052	1052	1053	1054	1055	1056	1057	1058	1058	1059	1059	1061	1063	1063	1064	1064	1065	1066	1068	
1146	1146	1144	1144	1143	1141	1141	1141	1139	1138	1134	1133	1132	1131	1131	1131	1130	1129	1129	1127	1126	1126	1126	1125	1124	1123	1123	1122	1120	1119	1118	1118	1116	1116	1114	1114	1114	1114	1113	1112	1110	1110	1110	1107	1106	1106	1106	1104	1103	1103	1102	1102	1102	1102	1101	1101	1101	1099	1099	1097	1096	1096	1096	1095	1093	1093	1092	1089	1088	1086	1086	1086	1085	1085	1085	1085	1084	1083	1082	1081	1081	1081	1080	1080	1079	1079	1079	1079	1078	1077	1075	1075	1075	1073	1073	1070	1070	1070	1069	1069	
1147	1147	1147	1148	1150	1150	1151	1152	1153	1153	1154	1155	1155	1156	1156	1157	1157	1158	1159	1159	1160	1166	1167	1167	1168	1169	1170	1170	1172	1172	1172	1173	1173	1174	1174	1178	1180	1180	1181	1182	1182	1184	1185	1189	1192	1192	1194	1196	1197	1199	1200	1201	1201	1202	1208	1208	1212	1213	1216	1218	1221	1222	1223	1224	1226	1226	1231	1231	1232	1232	1232	1232	1232	1235	1235	1236	1237	1238	1240	1241	1243	1244	1244	1244	1245	1246	1246	1247	1247	1248	1249	1250	1252	1261	1263	1263	1264	1265	1266	1268	
1363	1359	1359	1359	1359	1358	1358	1356	1354	1354	1354	1353	1353	1351	1350	1350	1348	1346	1346	1346	1346	1346	1345	1345	1345	1345	1343	1343	1343	1343	1342	1340	1340	1340	1339	1337	1336	1335	1335	1334	1333	1330	1329	1328	1328	1327	1326	1324	1324	1323	1323	1322	1319	1318	1318	1317	1317	1316	1315	1310	1308	1303	1303	1303	1302	1300	1298	1297	1296	1296	1296	1295	1291	1291	1289	1288	1288	1286	1286	1286	1284	1281	1281	1280	1280	1280	1279	1278	1278	1277	1276	1276	1275	1274	1274	1272	1272	1270	1270	1269	
1363	1363	1363	1367	1367	1368	1368	1369	1369	1370	1370	1371	1373	1374	1377	1378	1378	1381	1384	1385	1386	1390	1390	1391	1393	1393	1394	1397	1400	1401	1401	1401	1407	1408	1408	1409	1409	1411	1412	1412	1413	1413	1413	1414	1414	1418	1418	1419	1420	1422	1423	1426	1430	1432	1432	1432	1435	1435	1436	1436	1436	1436	1436	1438	1438	1439	1439	1440	1440	1443	1443	1444	1444	1444	1445	1445	1446	1446	1448	1448	1448	1449	1449	1452	1452	1453	1453	1453	1454	1456	1458	1459	1459	1460	1460	1460	1462	1463	1464	1464	
1558	1556	1554	1551	1550	1550	1549	1548	1547	1545	1543	1542	1540	1538	1537	1537	1537	1535	1535	1533	1533	1533	1532	1532	1532	1530	1530	1530	1530	1529	1529	1527	1527	1524	1524	1524	1524	1523	1522	1521	1521	1520	1520	1519	1517	1515	1515	1514	1513	1513	1510	1510	1508	1506	1506	1505	1505	1505	1504	1504	1501	1498	1498	1497	1495	1494	1493	1492	1491	1490	1490	1490	1489	1488	1487	1487	1487	1487	1487	1487	1483	1482	1480	1478	1478	1477	1477	1474	1474	1474	1473	1472	1470	1470	1469	1469	1469	1468	1468	1466	
1559	1560	1562	1562	1563	1564	1565	1565	1566	1566	1566	1566	1567	1567	1568	1568	1569	1569	1569	1571	1571	1571	1572	1573	1575	1575	1578	1579	1579	1579	1580	1580	1581	1582	1584	1587	1588	1589	1592	1592	1601	1603	1604	1605	1605	1606	1606	1608	1610	1610	1612	1612	1612	1615	1616	1617	1617	1617	1617	1618	1618	1619	1624	1624	1625	1625	1626	1627	1627	1630	1631	1633	1633	1634	1634	1634	1636	1636	1636	1638	1640	1640	1641	1642	1643	1646	1646	1646	1649	1650	1651	1652	1657	1659	1660	1660	1660	1661	1661	1662	
1761	1761	1761	1759	1759	1758	1757	1756	1755	1755	1753	1753	1753	1752	1751	1750	1750	1749	1747	1747	1744	1744	1743	1742	1742	1742	1742	1740	1740	1739	1739	1737	1735	1732	1732	1732	1731	1729	1728	1726	1725	1724	1724	1723	1722	1722	1718	1718	1716	1714	1713	1713	1712	1710	1709	1709	1708	1706	1706	1706	1705	1705	1705	1704	1704	1704	1703	1703	1701	1700	1698	1697	1697	1697	1696	1696	1695	1693	1693	1693	1692	1691	1686	1686	1685	1681	1681	1678	1676	1675	1675	1673	1672	1672	1672	1670	1670	1668	1667	1664	
1763	1765	1767	1768	1768	1768	1768	1769	1770	1773	1774	1774	1774	1775	1778	1781	1782	1782	1782	1782	1783	1784	1784	1784	1784	1785	1790	1791	1792	1792	1792	1793	1793	1794	1794	1794	1795	1796	1798	1799	1800	1800	1800	1801	1801	1801	1802	1802	1802	1803	1804	1806	1807	1813	1816	1816	1818	1818	1819	1819	1819	1820	1820	1821	1822	1822	1824	1828	1830	1830	1831	1832	1832	1833	1834	1834	1835	1838	1839	1839	1841	1841	1842	1844	1845	1845	1846	1847	1847	1850	1851	1851	1854	1854	1856	1861	1863	1863	1863	1864	
1964	1961	1961	1960	1960	1960	1960	1959	1959	1958	1958	1956	1955	1955	1953	1951	1950	1950	1949	1949	1949	1947	1947	1945	1943	1942	1942	1941	1940	1938	1935	1933	1933	1933	1932	1932	1930	1930	1928	1927	1927	1927	1926	1920	1919	1919	1918	1918	1917	1915	1911	1911	1910	1905	1905	1905	1904	1903	1903	1902	1901	1900	1900	1900	1899	1899	1899	1898	1897	1897	1892	1890	1889	1889	1889	1888	1886	1886	1885	1884	1882	1880	1880	1880	1878	1876	1876	1875	1874	1874	1873	1871	1870	1869	1868	1868	1867	1867	1866	1866	
1964	1965	1965	1966	1966	1966	1967	1967	1968	1968	1968	1969	1969	1970	1971	1971	1972	1973	1975	1976	1976	1978	1980	1981	1983	1984	1984	1985	1987	1987	1990	1990	1991	1991	1991	1993	1993	1994	1995	1995	1995	1997	1998	2000	2006	2006	2006	2006	2006	2007	2007	2007	2008	2009	2010	2011	2011	2012	2013	2013	2013	2017	2019	2019	2019	2023	2023	2023	2025	2026	2026	2026	2030	2030	2031	2032	2035	2037	2038	2041	2041	2042	2043	2043	2045	2045	2045	2045	2045	2045	2047	2047	2048	2049	2049	2050	2052	2053	2053	2054	
2156	2153	2152	2151	2150	2150	2149	2149	2146	2144	2144	2142	2142	2142	2142	2141	2140	2138	2138	2138	2138	2135	2135	2135	2134	2133	2133	2133	2132	2131	2131	2130	2128	2127	2125	2125	2124	2123	2123	2122	2119	2119	2119	2118	2118	2118	2116	2114	2114	2112	2110	2109	2109	2109	2109	2108	2102	2102	2100	2100	2100	2098	2097	2097	2095	2095	2094	2093	2092	2091	2091	2090	2089	2089	2087	2087	2085	2085	2084	2077	2075	2075	2072	2069	2069	2068	2068	2067	2066	2066	2066	2064	2064	2063	2060	2060	2060	2059	2059	2056	
2156	2156	2158	2158	2159	2161	2162	2162	2162	2162	2163	2163	2164	2167	2168	2168	2168	2173	2173	2174	2174	2175	2175	2177	2177	2178	2180	2180	2183	2184	2184	2185	2188	2193	2193	2196	2197	2200	2200	2201	2201	2202	2202	2204	2204	2205	2205	2207	2207	2208	2210	2210	2212	2213	2215	2217	2220	2220	2220	2220	2220	2221	2222	2222	2223	2223	2224	2224	2224	2229	2230	2232	2234	2234	2235	2237	2238	2239	2240	2241	2242	2242	2242	2243	2243	2243	2244	2246	2247	2248	2249	2250	2250	2251	2251	2253	2256	2258	2259	2260	
2361	2360	2359	2358	2357	2355	2352	2352	2350	2350	2350	2348	2347	2346	2344	2343	2342	2341	2341	2340	2340	2340	2339	2338	2337	2337	2335	2335	2334	2333	2333	2332	2332	2326	2326	2325	2325	2324	2322	2321	2317	2317	2317	2317	2316	2315	2315	2315	2315	2313	2312	2310	2308	2308	2306	2303	2302	2300	2300	2299	2299	2299	2297	2295	2291	2290	2289	2288	2288	2287	2287	2286	2285	2284	2283	2283	2282	2282	2281	2278	2278	2278	2277	2277	2276	2274	2272	2272	2271	2271	2270	2269	2268	2268	2268	2267	2264	2263	2262	2262	
2361	2363	2363	2364	2365	2365	2367	2368	2368	2371	2372	2372	2372	2373	2373	2374	2377	2378	2378	2379	2381	2382	2383	2384	2385	2386	2386	2387	2388	2392	2392	2392	2393	2395	2395	2396	2396	2397	2401	2401	2401	2404	2405	2406	2407	2408	2408	2408	2410	2413	2414	2414	2416	2418	2418	2419	2420	2420	2422	2422	2423	2424	2425	2426	2427	2431	2434	2435	2437	2438	2440	2440	2441	2442	2444	2444	2444	2444	2447	2449	2449	2449	2451	2452	2454	2455	2457	2458	2458	2458	2458	2459	2459	2460	2460	2460	2464	2468	2469	2470	
2567	2566	2565	2565	2563	2562	2561	2561	2560	2554	2554	2553	2552	2551	2551	2545	2543	2542	2541	2540	2539	2537	2537	2535	2534	2533	2532	2532	2532	2531	2530	2529	2528	2527	2525	2523	2523	2521	2520	2520	2520	2519	2518	2517	2517	2515	2514	2514	2514	2513	2512	2512	2512	2511	2510	2509	2509	2508	2508	2506	2506	2504	2503	2502	2502	2498	2497	2497	2494	2494	2492	2491	2491	2491	2490	2490	2489	2489	2488	2488	2488	2488	2488	2487	2484	2484	2483	2483	2482	2481	2480	2479	2478	2478	2478	2476	2475	2474	2474	2471	
2567	2568	2568	2569	2569	2570	2570	2574	2574	2574	2575	2576	2576	2576	2576	2577	2578	2580	2580	2583	2584	2585	2586	2586	2588	2589	2591	2592	2593	2593	2593	2594	2594	2595	2597	2597	2599	2600	2600	2601	2602	2604	2604	2604	2604	2606	2608	2608	2609	2609	2611	2612	2613	2613	2614	2615	2615	2616	2616	2618	2619	2619	2620	2620	2622	2623	2623	2623	2626	2626	2628	2628	2628	2629	2630	2630	2630	2631	2632	2632	2632	2632	2633	2633	2636	2638	2638	2638	2639	2641	2641	2643	2645	2646	2646	2646	2647	2647	2647	2648	
2779	2775	2773	2772	2769	2766	2766	2761	2760	2759	2759	2755	2755	2750	2750	2746	2746	2745	2745	2743	2742	2740	2740	2738	2738	2737	2737	2734	2733	2732	2732	2731	2730	2729	2727	2727	2725	2725	2724	2722	2722	2721	2720	2720	2719	2719	2718	2717	2717	2715	2715	2715	2713	2708	2706	2706	2705	2705	2704	2704	2704	2703	2702	2700	2700	2699	2698	2695	2692	2689	2688	2687	2687	2686	2685	2685	2684	2683	2679	2678	2677	2675	2674	2674	2674	2673	2672	2671	2670	2664	2661	2660	2655	2653	2653	2653	2653	2651	2651	2649	
2780	2781	2781	2782	2783	2788	2788	2788	2790	2791	2791	2791	2792	2792	2792	2793	2795	2795	2796	2797	2800	2800	2800	2804	2806	2807	2808	2810	2812	2813	2813	2815	2819	2819	2820	2820	2821	2822	2823	2823	2823	2824	2824	2826	2826	2826	2828	2830	2831	2831	2831	2833	2835	2837	2840	2840	2842	2843	2843	2844	2845	2845	2846	2846	2847	2849	2849	2850	2852	2852	2853	2854	2854	2855	2857	2857	2859	2860	2862	2865	2865	2866	2866	2867	2868	2868	2869	2873	2875	2876	2877	2880	2881	2881	2881	2882	2885	2885	2886	2887	
2968	2968	2967	2966	2965	2965	2965	2964	2963	2963	2961	2960	2958	2958	2958	2956	2955	2955	2954	2953	2953	2951	2951	2947	2946	2944	2943	2941	2941	2940	2940	2940	2939	2939	2937	2937	2936	2936	2935	2935	2934	2933	2931	2931	2931	2931	2930	2930	2929	2929	2928	2928	2927	2926	2925	2925	2923	2922	2921	2919	2918	2917	2916	2916	2914	2912	2911	2911	2909	2908	2907	2907	2906	2906	2904	2904	2903	2902	2902	2901	2901	2900	2900	2899	2899	2898	2898	2897	2897	2897	2897	2896	2895	2894	2893	2892	2888	2888	2888	2888	
2969	2969	2969	2970	2970	2970	2973	2974	2974	2974	2976	2976	2977	2977	2979	2980	2980	2982	2983	2985	2986	2986	2987	2988	2989	2990	2990	2992	2992	2993	2993	2994	2996	2996	2997	2998	2998	2998	2998	2999	2999	3002	3004	3004	3005	3006	3006	3007	3008	3009	3009	3010	3013	3013	3014	3014	3019	3019	3021	3022	3022	3025	3025	3026	3027	3028	3028	3028	3030	3031	3032	3034	3034	3034	3036	3036	3037	3037	3038	3040	3041	3042	3048	3048	3049	3051	3053	3053	3054	3055	3059	3059	3061	3061	3061	3062	3063	3064	3064	3065	
3152	3151	3150	3149	3149	3148	3148	3147	3146	3145	3144	3144	3143	3142	3142	3141	3141	3141	3139	3139	3138	3135	3134	3133	3132	3132	3132	3132	3132	3131	3129	3127	3124	3123	3123	3121	3121	3120	3120	3118	3117	3116	3116	3115	3114	3114	3114	3114	3113	3113	3113	3112	3112	3112	3111	3111	3111	3110	3108	3107	3106	3104	3104	3103	3102	3101	3100	3100	3099	3099	3099	3098	3098	3098	3097	3095	3095	3094	3093	3092	3092	3090	3086	3086	3085	3084	3083	3083	3082	3077	3077	3075	3074	3073	3070	3069	3068	3068	3067	3065	
3153	3153	3153	3153	3153	3156	3159	3160	3163	3167	3167	3168	3168	3168	3168	3168	3171	3171	3174	3174	3177	3180	3182	3182	3184	3186	3188	3188	3188	3189	3189	3190	3190	3190	3192	3192	3193	3195	3196	3196	3197	3198	3199	3199	3199	3202	3203	3203	3204	3204	3204	3204	3204	3208	3209	3209	3213	3214	3215	3215	3215	3215	3216	3216	3217	3218	3218	3220	3221	3221	3223	3225	3226	3227	3228	3228	3230	3231	3233	3235	3235	3236	3239	3242	3243	3243	3244	3247	3248	3249	3249	3252	3254	3254	3255	3258	3259	3259	3262	3263	
3356	3354	3354	3353	3351	3350	3344	3343	3342	3341	3340	3337	3336	3336	3335	3333	3333	3332	3331	3330	3328	3328	3327	3327	3322	3322	3321	3321	3320	3318	3318	3316	3316	3316	3316	3315	3314	3314	3314	3313	3313	3312	3311	3311	3311	3310	3308	3306	3305	3304	3303	3303	3303	3303	3302	3301	3301	3298	3298	3297	3297	3296	3294	3294	3293	3293	3291	3290	3289	3288	3287	3286	3285	3285	3283	3282	3282	3280	3279	3279	3278	3278	3278	3275	3274	3273	3273	3272	3271	3271	3270	3270	3270	3269	3268	3268	3265	3265	3264	3263	
3357	3358	3358	3360	3360	3360	3361	3362	3362	3362	3364	3364	3365	3366	3368	3368	3371	3372	3373	3374	3374	3376	3377	3377	3380	3380	3381	3382	3383	3384	3385	3385	3385	3386	3389	3390	3390	3390	3392	3394	3394	3395	3396	3396	3397	3398	3402	3403	3403	3404	3406	3407	3408	3408	3409	3410	3410	3412	3413	3413	3417	3417	3417	3417	3418	3418	3418	3420	3420	3421	3421	3422	3423	3423	3423	3424	3424	3425	3427	3427	3429	3429	3430	3431	3431	3432	3432	3433	3434	3434	3435	3436	3436	3438	3439	3439	3440	3440	3440	3440	
3547	3544	3544	3543	3543	3543	3543	3542	3540	3539	3538	3537	3536	3535	3535	3535	3531	3529	3527	3526	3526	3523	3522	3522	3520	3519	3518	3515	3513	3512	3511	3511	3510	3510	3509	3509	3509	3508	3507	3507	3507	3505	3504	3503	3502	3501	3500	3497	3497	3495	3495	3494	3494	3491	3489	3488	3488	3488	3486	3483	3483	3482	3479	3479	3477	3477	3472	3471	3471	3470	3467	3465	3465	3465	3462	3460	3459	3459	3458	3456	3456	3454	3453	3452	3451	3450	3449	3448	3448	3448	3448	3447	3447	3446	3446	3445	3444	3443	3442	3441	
3548	3549	3549	3551	3551	3552	3553	3554	3555	3555	3556	3558	3560	3560	3562	3563	3563	3566	3567	3569	3571	3573	3574	3575	3577	3577	3578	3579	3581	3581	3582	3582	3584	3588	3590	3596	3597	3597	3597	3600	3601	3602	3602	3602	3603	3604	3605	3606	3606	3606	3607	3609	3610	3611	3611	3612	3612	3614	3616	3616	3617	3617	3618	3618	3619	3620	3621	3621	3621	3622	3622	3622	3622	3623	3626	3627	3628	3629	3629	3629	3630	3630	3632	3633	3634	3635	3635	3639	3640	3643	3644	3644	3646	3648	3648	3649	3650	3651	3651	3651	
3741	3739	3739	3738	3738	3738	3738	3738	3737	3735	3735	3735	3733	3730	3728	3727	3726	3725	3725	3724	3723	3722	3721	3720	3719	3717	3717	3717	3716	3715	3714	3714	3711	3711	3707	3705	3704	3703	3703	3703	3700	3700	3699	3698	3697	3697	3696	3695	3690	3689	3689	3688	3686	3686	3686	3686	3685	3682	3680	3679	3678	3678	3676	3676	3676	3676	3675	3675	3675	3674	3674	3674	3673	3672	3671	3671	3671	3671	3670	3668	3665	3662	3662	3662	3662	3660	3659	3658	3658	3657	3657	3656	3656	3655	3655	3655	3654	3653	3652	3652	
3742	3742	3744	3745	3748	3748	3748	3750	3752	3752	3752	3753	3754	3755	3757	3757	3758	3759	3760	3762	3762	3763	3764	3764	3765	3767	3769	3771	3772	3772	3773	3774	3774	3775	3775	3776	3778	3786	3786	3787	3787	3788	3789	3790	3791	3792	3792	3795	3796	3796	3797	3799	3801	3803	3805	3805	3809	3811	3812	3816	3817	3817	3819	3820	3820	3820	3820	3822	3823	3824	3825	3826	3830	3830	3831	3832	3833	3834	3834	3834	3837	3838	3839	3839	3839	3841	3843	3844	3846	3847	3848	3848	3849	3853	3854	3854	3854	3856	3857	3857	
3965	3965	3964	3964	3964	3964	3961	3961	3960	3958	3956	3955	3955	3955	3954	3951	3950	3948	3946	3946	3943	3941	3939	3938	3934	3933	3933	3933	3933	3932	3932	3930	3930	3928	3928	3928	3927	3926	3926	3925	3924	3921	3920	3920	3919	3914	3912	3911	3909	3909	3909	3908	3908	3907	3906	3905	3905	3901	3899	3898	3897	3896	3896	3896	3895	3895	3894	3894	3893	3891	3891	3890	3888	3888	3887	3885	3884	3880	3878	3876	3875	3873	3873	3869	3869	3869	3868	3866	3865	3865	3864	3864	3862	3862	3861	3860	3859	3859	3858	3858	
3966	3969	3969	3970	3973	3975	3976	3977	3978	3978	3978	3981	3981	3982	3985	3986	3987	3988	3989	3989	3991	3993	3993	3995	3998	3998	3998	3999	3999	4000	4002	4006	4007	4010	4010	4010	4011	4011	4012	4012	4013	4014	4014	4014	4018	4019	4019	4019	4020	4024	4025	4027	4028	4029	4029	4029	4030	4030	4031	4032	4032	4034	4036	4037	4040	4040	4041	4047	4047	4048	4050	4052	4052	4053	4053	4053	4053	4054	4055	4057	4057	4057	4061	4062	4062	4063	4064	4065	4065	4066	4066	4066	4067	4068	4069	4069	4072	4073	4076	4076	
4167	4166	4165	4165	4163	4163	4162	4161	4161	4159	4159	4158	4157	4154	4153	4153	4151	4149	4149	4149	4147	4145	4142	4138	4137	4137	4136	4135	4135	4134	4134	4134	4132	4131	4131	4131	4130	4129	4128	4127	4127	4121	4118	4118	4117	4116	4115	4115	4114	4114	4113	4112	4108	4107	4107	4107	4106	4106	4106	4105	4104	4104	4103	4103	4102	4102	4102	4102	4101	4100	4099	4098	4097	4096	4096	4096	4095	4095	4094	4092	4090	4089	4088	4088	4088	4088	4088	4087	4087	4087	4086	4085	4085	4085	4084	4082	4081	4080	4078	4077	
4167	4170	4171	4171	4173	4173	4173	4175	4175	4176	4176	4178	4179	4179	4179	4180	4180	4180	4182	4182	4183	4183	4186	4187	4189	4190	4191	4193	4195	4196	4196	4197	4197	4198	4198	4199	4199	4200	4201	4204	4204	4206	4207	4207	4209	4210	4210	4212	4213	4219	4219	4220	4220	4222	4223	4225	4225	4227	4230	4230	4231	4232	4234	4234	4235	4235	4235	4237	4237	4237	4239	4240	4240	4241	4241	4242	4243	4244	4244	4244	4246	4247	4247	4247	4247	4248	4248	4248	4249	4250	4251	4251	4252	4252	4253	4254	4255	4255	4258	4260	
4356	4356	4355	4354	4354	4354	4350	4350	4349	4349	4347	4345	4345	4344	4343	4338	4338	4335	4335	4335	4335	4334	4332	4332	4332	4330	4330	4329	4329	4326	4325	4323	4322	4320	4319	4319	4318	4316	4315	4314	4310	4310	4309	4309	4309	4308	4305	4304	4304	4303	4302	4302	4300	4298	4298	4296	4296	4295	4294	4293	4292	4291	4290	4289	4288	4287	4286	4285	4285	4284	4283	4282	4281	4280	4280	4279	4277	4277	4277	4274	4274	4271	4271	4269	4269	4268	4267	4266	4266	4265	4264	4263	4262	4262	4262	4260	4260	4260	4260	4260	
4356	4357	4358	4358	4361	4361	4361	4362	4362	4362	4362	4362	4363	4365	4367	4367	4367	4368	4370	4370	4370	4371	4371	4371	4371	4371	4374	4374	4375	4377	4379	4379	4382	4382	4383	4383	4385	4385	4385	4386	4386	4390	4390	4390	4391	4392	4394	4400	4401	4401	4404	4405	4406	4407	4408	4410	4410	4413	4414	4417	4418	4419	4421	4421	4422	4422	4424	4424	4425	4426	4426	4427	4427	4427	4428	4429	4430	4431	4434	4435	4437	4437	4439	4441	4442	4442	4444	4444	4445	4445	4445	4446	4448	4448	4448	4449	4449	4450	4454	4454	
4549	4548	4547	4547	4545	4543	4542	4542	4541	4540	4540	4539	4539	4538	4538	4538	4537	4535	4532	4531	4530	4529	4529	4529	4529	4526	4526	4525	4524	4522	4521	4521	4519	4517	4513	4513	4512	4512	4511	4511	4511	4510	4510	4509	4508	4508	4507	4506	4505	4503	4501	4501	4497	4496	4496	4493	4493	4492	4492	4492	4487	4487	4486	4484	4484	4483	4482	4481	4480	4480	4480	4480	4478	4477	4477	4476	4475	4473	4472	4471	4470	4468	4466	4465	4465	4464	4462	4461	4461	4460	4460	4460	4459	4459	4458	4456	4455	4455	4454	4454	
4549	4550	4550	4550	4551	4551	4553	4553	4554	4554	4555	4556	4556	4557	4557	4558	4559	4560	4561	4561	4562	4564	4564	4565	4565	4566	4566	4568	4570	4570	4571	4571	4571	4571	4572	4572	4572	4572	4573	4573	4574	4575	4575	4577	4577	4578	4581	4581	4582	4582	4582	4584	4585	4586	4586	4589	4589	4590	4590	4590	4592	4594	4596	4596	4599	4600	4601	4602	4603	4603	4603	4611	4613	4613	4613	4613	4614	4614	4614	4615	4616	4616	4616	4619	4619	4621	4623	4625	4626	4628	4629	4629	4630	4630	4631	4631	4631	4631	4633	4633	
4742	4742	4742	4739	4739	4738	4738	4737	4736	4734	4731	4731	4730	4729	4729	4729	4729	4726	4725	4725	4722	4721	4717	4714	4714	4713	4712	4711	4710	4709	4709	4709	4708	4707	4707	4705	4702	4701	4701	4700	4699	4698	4698	4697	4697	4697	4696	4694	4690	4690	4688	4688	4686	4684	4682	4680	4680	4679	4674	4674	4673	4671	4670	4670	4670	4669	4668	4667	4667	4664	4664	4662	4661	4660	4660	4659	4654	4652	4652	4651	4650	4647	4645	4644	4644	4644	4643	4643	4643	4641	4640	4639	4639	4639	4638	4637	4637	4635	4635	4634	
4744	4744	4744	4745	4747	4747	4747	4748	4748	4748	4749	4751	4752	4752	4752	4753	4754	4755	4755	4756	4757	4757	4758	4758	4758	4761	4767	4767	4769	4771	4772	4774	4775	4775	4776	4778	4778	4778	4778	4779	4780	4780	4780	4780	4782	4782	4785	4786	4786	4787	4787	4788	4789	4793	4794	4795	4795	4796	4796	4797	4798	4799	4800	4800	4801	4802	4805	4805	4805	4806	4808	4809	4809	4815	4817	4820	4820	4820	4821	4822	4822	4822	4824	4825	4826	4826	4830	4830	4831	4831	4834	4836	4837	4838	4839	4839	4841	4841	4842	4842	
4930	4929	4928	4928	4928	4927	4927	4926	4925	4924	4921	4920	4920	4920	4919	4919	4917	4916	4916	4915	4914	4914	4913	4909	4908	4908	4907	4907	4907	4905	4904	4902	4902	4902	4901	4900	4899	4896	4895	4894	4894	4893	4893	4892	4892	4891	4890	4889	4888	4887	4886	4886	4885	4885	4884	4883	4882	4882	4881	4881	4881	4881	4877	4877	4873	4873	4873	4872	4871	4871	4870	4870	4869	4867	4866	4864	4864	4863	4863	4862	4860	4860	4858	4857	4855	4855	4854	4854	4853	4853	4852	4851	4850	4849	4848	4845	4845	4845	4842	4842	
4930	4930	4933	4935	4936	4939	4940	4942	4942	4942	4943	4943	4943	4943	4945	4945	4946	4949	4949	4951	4954	4955	4956	4957	4962	4962	4962	4964	4965	4965	4965	4968	4971	4972	4977	4978	4978	4978	4979	4981	4981	4983	4984	4985	4986	4987	4987	4990	4990	4991	4994	4995	4995	4996	4996	4997	4999	4999	5003	5006	5007	5008	5008	5009	5010	5012	5013	5014	5015	5015	5016	5016	5016	5017	5018	5019	5019	5020	5021	5022	5023	5023	5025	5026	5026	5026	5027	5028	5028	5029	5029	5029	5029	5030	5030	5030	5033	5034	5037	5037	
5143	5142	5142	5142	5141	5141	5138	5136	5135	5135	5134	5133	5132	5131	5125	5123	5122	5122	5121	5121	5120	5118	5115	5115	5114	5113	5113	5112	5112	5112	5111	5111	5108	5108	5107	5105	5104	5104	5103	5101	5098	5097	5097	5096	5096	5093	5090	5090	5090	5088	5084	5084	5081	5080	5080	5078	5075	5075	5075	5074	5074	5073	5073	5073	5069	5068	5068	5066	5066	5065	5065	5064	5062	5061	5061	5060	5060	5060	5057	5056	5056	5053	5052	5050	5050	5049	5049	5049	5047	5045	5044	5043	5041	5041	5041	5040	5040	5039	5038	5037	
5143	5146	5147	5148	5149	5150	5151	5152	5154	5154	5154	5155	5156	5156	5158	5158	5158	5159	5159	5159	5160	5162	5162	5163	5163	5165	5166	5168	5168	5169	5169	5172	5172	5172	5172	5174	5175	5177	5178	5178	5178	5185	5187	5187	5191	5192	5193	5194	5195	5196	5196	5200	5200	5200	5200	5201	5202	5202	5203	5204	5204	5205	5208	5208	5209	5210	5210	5211	5211	5211	5212	5212	5213	5213	5214	5214	5215	5216	5217	5220	5221	5223	5224	5224	5225	5226	5227	5227	5227	5228	5231	5232	5232	5233	5234	5235	5236	5238	5239	5239	
5338	5338	5337	5337	5335	5335	5334	5333	5332	5331	5331	5330	5330	5329	5328	5328	5326	5326	5324	5321	5320	5319	5319	5318	5318	5317	5315	5315	5315	5313	5312	5312	5311	5310	5310	5309	5308	5307	5306	5304	5304	5303	5302	5302	5301	5299	5299	5298	5297	5296	5294	5293	5291	5290	5289	5289	5289	5287	5286	5286	5286	5285	5284	5284	5283	5282	5281	5281	5279	5277	5277	5276	5276	5275	5272	5272	5271	5271	5270	5269	5266	5264	5262	5260	5257	5256	5255	5250	5250	5249	5248	5248	5248	5247	5245	5242	5242	5241	5240	5240	
5340	5340	5341	5341	5343	5346	5346	5348	5348	5349	5349	5349	5349	5352	5352	5352	5354	5354	5359	5360	5360	5360	5360	5361	5366	5368	5369	5370	5370	5370	5370	5371	5373	5374	5375	5376	5376	5377	5377	5378	5379	5379	5380	5383	5383	5384	5385	5385	5386	5388	5388	5391	5391	5391	5394	5396	5398	5398	5399	5401	5402	5402	5403	5403	5404	5404	5407	5407	5407	5407	5409	5410	5411	5411	5412	5413	5413	5413	5414	5414	5415	5415	5417	5417	5417	5418	5421	5422	5423	5425	5426	5427	5428	5429	5429	5430	5433	5433	5435	5435	
5529	5528	5525	5524	5523	5521	5520	5519	5517	5516	5516	5516	5515	5514	5509	5509	5509	5509	5508	5508	5505	5505	5505	5504	5504	5503	5503	5503	5502	5501	5501	5501	5498	5498	5497	5492	5490	5490	5489	5489	5489	5488	5486	5486	5485	5484	5483	5482	5482	5481	5480	5476	5476	5476	5474	5473	5472	5470	5469	5469	5469	5468	5466	5465	5465	5464	5463	5462	5462	5461	5461	5460	5458	5457	5457	5456	5455	5454	5454	5453	5451	5450	5450	5450	5450	5448	5447	5446	5446	5444	5444	5444	5442	5441	5440	5440	5439	5439	5438	5437	
5529	5532	5532	5536	5536	5537	5538	5540	5540	5543	5543	5544	5544	5544	5547	5547	5549	5551	5552	5555	5557	5557	5557	5559	5561	5562	5562	5562	5564	5564	5566	5566	5567	5567	5569	5570	5570	5574	5575	5576	5576	5581	5582	5582	5582	5582	5583	5583	5584	5585	5585	5586	5588	5588	5588	5588	5590	5594	5595	5595	5596	5597	5597	5598	5598	5599	5601	5604	5604	5604	5605	5606	5607	5607	5607	5610	5610	5610	5611	5612	5614	5615	5616	5616	5616	5618	5618	5619	5619	5623	5624	5627	5627	5628	5628	5629	5632	5632	5633	5633	
5734	5732	5732	5731	5731	5729	5727	5727	5727	5724	5723	5721	5720	5720	5718	5717	5717	5716	5714	5714	5713	5711	5711	5710	5710	5708	5706	5705	5703	5703	5703	5702	5702	5700	5700	5698	5697	5695	5694	5694	5691	5689	5688	5688	5687	5686	5686	5684	5683	5683	5683	5682	5682	5682	5681	5679	5678	5674	5672	5671	5671	5670	5669	5667	5667	5667	5666	5665	5665	5664	5663	5663	5661	5660	5659	5657	5656	5656	5651	5650	5650	5650	5650	5649	5648	5648	5648	5647	5647	5646	5645	5644	5644	5643	5642	5642	5640	5637	5635	5633	
5734	5735	5736	5736	5739	5741	5742	5743	5744	5745	5745	5746	5747	5747	5748	5750	5751	5753	5754	5754	5754	5757	5759	5761	5761	5761	5762	5766	5770	5771	5772	5773	5775	5777	5778	5778	5779	5780	5781	5781	5782	5782	5783	5783	5786	5786	5787	5788	5788	5789	5790	5790	5791	5792	5792	5792	5793	5795	5796	5797	5797	5797	5798	5800	5800	5801	5802	5804	5806	5806	5807	5810	5814	5815	5823	5824	5824	5824	5825	5826	5826	5826	5826	5826	5827	5827	5827	5830	5830	5830	5835	5836	5837	5838	5838	5839	5840	5840	5840	5842	
5939	5939	5939	5938	5938	5934	5934	5929	5928	5928	5928	5927	5926	5925	5924	5921	5921	5917	5917	5915	5915	5915	5913	5910	5910	5910	5909	5909	5909	5907	5904	5903	5903	5903	5902	5902	5900	5899	5899	5896	5895	5895	5895	5894	5894	5893	5893	5890	5889	5889	5888	5887	5886	5886	5886	5884	5884	5884	5884	5884	5884	5884	5884	5883	5883	5880	5880	5879	5876	5876	5873	5872	5872	5872	5871	5871	5869	5868	5867	5866	5866	5866	5866	5866	5860	5859	5857	5857	5856	5856	5855	5854	5854	5854	5853	5853	5853	5850	5845	5844	
5939	5940	5942	5943	5943	5943	5943	5945	5945	5950	5951	5952	5954	5955	5959	5960	5961	5961	5964	5966	5966	5966	5967	5967	5967	5968	5968	5969	5969	5974	5975	5976	5976	5979	5982	5982	5984	5984	5985	5986	5989	5989	5989	5990	5990	5990	5992	5992	5993	5993	5994	5995	5995	5995	5997	5998	5999	6001	6002	6002	6002	6002	6004	6005	6005	6007	6009	6009	6011	6012	6012	6012	6015	6016	6016	6016	6016	6017	6017	6018	6019	6020	6021	6024	6024	6029	6029	6032	6033	6034	6035	6036	6037	6037	6038	6042	6042	6042	6043	6044	
6145	6144	6144	6141	6139	6138	6136	6134	6133	6129	6128	6128	6126	6126	6125	6123	6121	6121	6120	6119	6115	6114	6111	6111	6109	6108	6108	6108	6107	6106	6106	6106	6106	6104	6103	6101	6101	6101	6100	6100	6099	6098	6097	6093	6092	6089	6087	6087	6087	6086	6085	6085	6083	6083	6083	6082	6082	6082	6080	6077	6077	6076	6076	6075	6075	6073	6073	6070	6069	6069	6069	6069	6067	6066	6064	6064	6063	6063	6062	6061	6060	6059	6058	6058	6057	6056	6056	6054	6054	6051	6050	6050	6050	6049	6049	6048	6048	6047	6045	6045	
6145	6147	6147	6150	6151	6151	6153	6156	6157	6159	6159	6161	6162	6165	6165	6166	6166	6167	6168	6170	6170	6170	6171	6173	6173	6174	6174	6175	6175	6178	6178	6180	6183	6184	6185	6187	6187	6191	6193	6195	6196	6196	6200	6200	6201	6202	6202	6202	6203	6204	6205	6207	6208	6208	6210	6210	6210	6210	6211	6212	6215	6216	6216	6217	6217	6218	6220	6221	6221	6222	6222	6222	6223	6224	6226	6226	6228	6228	6233	6233	6234	6235	6236	6236	6238	6239	6239	6241	6242	6243	6244	6246	6247	6247	6248	6250	6250	6252	6253	6254	
6334	6333	6331	6330	6330	6330	6329	6327	6326	6325	6325	6324	6323	6321	6321	6320	6320	6319	6318	6317	6317	6316	6315	6314	6314	6312	6312	6310	6310	6310	6307	6304	6304	6304	6303	6302	6302	6300	6298	6297	6297	6295	6294	6294	6293	6291	6291	6290	6290	6290	6290	6290	6289	6289	6289	6288	6287	6286	6284	6284	6283	6283	6283	6282	6282	6279	6279	6278	6275	6275	6274	6274	6273	6273	6271	6271	6271	6270	6269	6265	6265	6264	6263	6262	6262	6261	6261	6261	6261	6260	6260	6259	6258	6257	6256	6256	6256	6256	6254	6254	
6334	6334	6337	6339	6339	6341	6341	6342	6342	6345	6345	6346	6346	6347	6347	6347	6347	6348	6349	6350	6350	6351	6351	6351	6352	6352	6353	6354	6357	6358	6359	6359	6360	6362	6366	6366	6368	6369	6370	6371	6372	6374	6374	6375	6375	6379	6379	6380	6381	6382	6383	6383	6383	6385	6385	6385	6390	6392	6393	6393	6393	6393	6395	6397	6397	6397	6397	6398	6398	6399	6399	6400	6401	6404	6405	6405	6406	6407	6408	6408	6412	6413	6414	6414	6415	6417	6419	6419	6420	6421	6422	6422	6426	6426	6430	6431	6432	6432	6434	6434	
6548	6545	6545	6544	6544	6544	6544	6543	6543	6543	6542	6542	6542	6541	6541	6540	6540	6538	6538	6536	6536	6534	6532	6532	6526	6524	6523	6522	6522	6519	6518	6517	6513	6512	6510	6507	6505	6505	6504	6502	6502	6500	6500	6498	6498	6497	6497	6495	6494	6489	6489	6488	6488	6487	6485	6481	6481	6480	6479	6478	6477	6476	6476	6474	6472	6471	6470	6469	6465	6465	6465	6464	6464	6464	6463	6463	6460	6458	6457	6457	6456	6452	6452	6449	6448	6447	6447	6446	6446	6446	6446	6442	6442	6441	6440	6440	6439	6439	6438	6435	
6549	6550	6551	6552	6553	6557	6558	6560	6561	6562	6562	6563	6563	6563	6563	6564	6566	6566	6571	6571	6573	6574	6574	6576	6577	6577	6577	6577	6577	6578	6578	6580	6581	6582	6583	6583	6584	6584	6587	6588	6591	6591	6593	6595	6595	6596	6597	6598	6599	6599	6601	6602	6603	6604	6605	6606	6607	6608	6611	6612	6616	6617	6617	6618	6620	6621	6621	6621	6621	6622	6624	6628	6629	6630	6630	6631	6631	6632	6633	6633	6635	6635	6636	6636	6636	6639	6639	6640	6641	6641	6642	6645	6646	6650	6651	6651	6653	6654	6655	6656	
6754	6753	6753	6751	6749	6747	6745	6743	6741	6740	6740	6739	6739	6738	6738	6737	6736	6735	6732	6731	6731	6730	6730	6728	6727	6727	6726	6725	6724	6724	6723	6722	6719	6718	6717	6716	6715	6714	6714	6714	6713	6710	6710	6710	6709	6709	6708	6707	6707	6705	6705	6704	6704	6703	6703	6703	6700	6700	6698	6697	6697	6696	6694	6690	6690	6688	6688	6687	6687	6686	6686	6685	6681	6680	6679	6678	6677	6677	6675	6674	6673	6673	6673	6671	6670	6670	6668	6667	6667	6666	6666	6664	6664	6661	6661	6660	6660	6659	6659	6657	
6754	6754	6755	6755	6757	6758	6759	6760	6760	6762	6763	6763	6765	6765	6765	6766	6766	6767	6767	6767	6770	6771	6772	6772	6772	6772	6773	6774	6775	6778	6779	6780	6780	6783	6783	6784	6784	6785	6785	6785	6787	6787	6788	6788	6788	6789	6791	6792	6792	6793	6793	6793	6795	6798	6799	6801	6801	6802	6805	6805	6807	6808	6808	6809	6811	6811	6812	6813	6813	6814	6814	6815	6815	6818	6818	6819	6820	6823	6823	6824	6826	6829	6830	6830	6830	6830	6831	6832	6834	6835	6835	6835	6836	6838	6840	6840	6840	6841	6841	6842	
6940	6940	6938	6937	6937	6936	6936	6935	6935	6935	6934	6934	6931	6931	6929	6926	6926	6924	6923	6923	6922	6921	6920	6918	6918	6916	6915	6915	6912	6912	6910	6909	6908	6906	6906	6905	6905	6904	6903	6902	6901	6899	6897	6895	6895	6894	6892	6890	6887	6887	6885	6885	6885	6885	6883	6882	6881	6880	6879	6878	6877	6876	6876	6875	6873	6873	6872	6871	6871	6870	6866	6865	6865	6865	6864	6864	6862	6861	6860	6858	6857	6855	6855	6855	6854	6854	6854	6853	6852	6851	6851	6850	6848	6847	6847	6847	6846	6846	6845	6843	
6941	6941	6942	6943	6943	6943	6945	6945	6948	6948	6949	6951	6953	6955	6956	6957	6958	6965	6966	6966	6970	6970	6971	6972	6972	6973	6973	6973	6974	6975	6975	6977	6978	6978	6979	6980	6980	6981	6983	6985	6987	6988	6988	6988	6991	6991	6991	6992	6994	6995	6995	6996	6997	6997	6999	7000	7002	7002	7003	7003	7006	7008	7009	7009	7010	7010	7010	7011	7012	7012	7014	7014	7015	7015	7015	7016	7018	7018	7021	7021	7023	7023	7024	7026	7028	7028	7028	7029	7030	7030	7031	7032	7033	7033	7034	7034	7036	7037	7039	7040	
7134	7134	7134	7129	7128	7128	7128	7127	7127	7121	7121	7120	7120	7120	7119	7118	7116	7113	7111	7110	7110	7110	7109	7108	7107	7106	7106	7106	7105	7105	7105	7103	7098	7098	7097	7097	7097	7094	7093	7092	7091	7090	7089	7089	7089	7087	7085	7085	7081	7081	7080	7080	7078	7076	7076	7075	7075	7074	7074	7074	7073	7073	7071	7067	7066	7065	7065	7064	7063	7063	7063	7061	7061	7061	7061	7060	7060	7058	7058	7057	7057	7057	7056	7056	7055	7054	7053	7052	7050	7048	7048	7047	7047	7046	7044	7044	7043	7042	7042	7041	
7135	7136	7136	7136	7137	7138	7138	7138	7139	7139	7140	7141	7142	7142	7143	7145	7146	7146	7147	7149	7152	7152	7153	7154	7154	7155	7155	7155	7158	7158	7159	7159	7159	7160	7161	7161	7162	7162	7162	7162	7162	7163	7163	7164	7165	7166	7166	7169	7171	7172	7174	7175	7175	7175	7176	7178	7179	7179	7180	7180	7181	7181	7182	7184	7187	7187	7187	7187	7188	7189	7189	7191	7192	7193	7194	7194	7194	7195	7196	7197	7197	7198	7203	7204	7204	7206	7207	7208	7208	7209	7209	7211	7212	7212	7217	7217	7217	7217	7218	7219	
7303	7303	7303	7302	7301	7300	7300	7299	7296	7295	7294	7293	7293	7291	7291	7291	7290	7290	7289	7288	7288	7288	7287	7286	7285	7285	7282	7281	7280	7279	7279	7278	7278	7278	7277	7276	7276	7274	7274	7274	7274	7273	7271	7271	7270	7270	7268	7268	7267	7264	7263	7263	7262	7260	7259	7259	7258	7258	7255	7254	7253	7252	7252	7251	7251	7251	7250	7249	7249	7247	7243	7242	7242	7242	7240	7240	7238	7238	7238	7237	7235	7234	7234	7233	7232	7232	7232	7231	7230	7230	7230	7228	7228	7228	7226	7224	7224	7222	7221	7220	
7304	7304	7306	7306	7307	7307	7308	7310	7312	7314	7314	7315	7316	7317	7319	7320	7320	7320	7321	7322	7322	7324	7327	7327	7328	7329	7330	7331	7332	7336	7337	7338	7342	7342	7344	7344	7346	7350	7351	7353	7356	7358	7360	7361	7363	7364	7364	7366	7366	7366	7367	7369	7370	7371	7372	7374	7374	7374	7375	7375	7376	7377	7381	7381	7382	7383	7385	7386	7386	7387	7389	7389	7390	7393	7397	7398	7398	7399	7399	7400	7401	7401	7405	7405	7408	7408	7409	7409	7410	7410	7413	7413	7418	7418	7418	7418	7421	7421	7425	7426	
7532	7528	7527	7527	7527	7526	7526	7525	7524	7523	7522	7522	7520	7518	7517	7517	7515	7515	7512	7512	7511	7509	7507	7507	7503	7503	7502	7499	7497	7496	7496	7495	7492	7488	7488	7487	7486	7486	7485	7484	7484	7482	7481	7479	7476	7476	7475	7474	7474	7470	7469	7467	7466	7466	7463	7463	7462	7462	7462	7461	7459	7459	7458	7458	7458	7457	7456	7455	7455	7454	7453	7453	7453	7450	7449	7449	7449	7447	7446	7446	7445	7443	7442	7441	7440	7439	7439	7438	7437	7437	7436	7436	7436	7435	7435	7435	7434	7430	7428	7426	
7532	7533	7533	7534	7535	7535	7535	7537	7537	7538	7541	7541	7542	7542	7543	7546	7548	7549	7549	7549	7549	7550	7550	7551	7551	7554	7554	7555	7556	7561	7562	7564	7565	7565	7566	7567	7567	7567	7567	7568	7572	7575	7576	7577	7578	7579	7580	7581	7581	7583	7583	7583	7585	7585	7586	7587	7588	7588	7589	7589	7590	7591	7591	7593	7593	7594	7596	7596	7596	7597	7599	7601	7601	7603	7605	7606	7607	7607	7607	7608	7609	7610	7610	7610	7610	7611	7612	7613	7613	7613	7615	7616	7617	7617	7618	7620	7621	7621	7623	7624	
7736	7736	7735	7735	7734	7733	7731	7730	7729	7729	7728	7727	7727	7725	7722	7722	7720	7720	7718	7716	7716	7714	7713	7712	7710	7709	7706	7706	7705	7705	7704	7703	7702	7700	7698	7697	7696	7694	7692	7692	7688	7688	7687	7687	7685	7684	7684	7682	7681	7681	7681	7680	7679	7676	7674	7671	7671	7670	7668	7668	7666	7666	7663	7662	7659	7657	7657	7655	7655	7654	7653	7653	7652	7652	7650	7649	7649	7647	7645	7639	7638	7637	7637	7637	7635	7635	7634	7634	7634	7633	7632	7632	7632	7630	7630	7630	7629	7628	7627	7627	
7737	7738	7738	7739	7741	7744	7744	7744	7744	7745	7745	7745	7745	7745	7746	7746	7746	7746	7746	7748	7749	7749	7751	7751	7752	7753	7754	7756	7756	7756	7757	7759	7759	7759	7760	7760	7764	7766	7766	7767	7769	7769	7771	7772	7774	7778	7778	7780	7780	7780	7780	7781	7781	7781	7783	7783	7785	7786	7788	7789	7789	7792	7793	7793	7796	7796	7797	7797	7797	7797	7798	7799	7799	7799	7799	7800	7802	7803	7806	7806	7811	7813	7814	7814	7815	7815	7816	7816	7817	7818	7820	7820	7820	7821	7821	7821	7824	7824	7825	7825	
7926	7925	7925	7924	7924	7924	7924	7922	7920	7919	7918	7918	7918	7916	7916	7914	7913	7913	7913	7912	7912	7911	7911	7909	7909	7908	7908	7907	7906	7906	7905	7905	7903	7898	7895	7895	7895	7894	7893	7892	7892	7891	7889	7888	7888	7887	7886	7886	7884	7883	7883	7881	7880	7879	7878	7878	7878	7878	7877	7877	7875	7874	7874	7873	7872	7870	7870	7869	7867	7866	7866	7863	7862	7861	7857	7856	7852	7852	7852	7851	7849	7847	7847	7844	7842	7839	7839	7839	7838	7836	7835	7834	7834	7833	7831	7831	7829	7829	7827	7826	
7926	7926	7927	7931	7935	7935	7936	7937	7937	7938	7938	7939	7940	7940	7941	7942	7944	7944	7944	7944	7945	7945	7947	7949	7949	7949	7950	7951	7951	7952	7953	7956	7956	7958	7958	7960	7960	7961	7962	7963	7964	7964	7965	7966	7969	7972	7972	7973	7973	7974	7977	7978	7978	7983	7983	7983	7984	7984	7985	7985	7988	7988	7988	7989	7990	7991	7993	7996	7998	7999	8003	8003	8004	8005	8005	8005	8006	8007	8007	8007	8008	8008	8009	8009	8012	8013	8016	8016	8017	8018	8018	8019	8021	8022	8024	8025	8025	8027	8028	8029	
8131	8128	8128	8127	8125	8124	8122	8122	8121	8120	8119	8119	8119	8118	8117	8116	8116	8114	8113	8111	8107	8106	8106	8104	8103	8102	8101	8101	8101	8101	8100	8100	8099	8099	8098	8097	8097	8096	8095	8094	8093	8092	8092	8091	8091	8091	8091	8090	8090	8089	8087	8086	8085	8082	8081	8081	8081	8080	8077	8077	8076	8075	8075	8073	8072	8069	8067	8065	8060	8059	8056	8055	8055	8054	8054	8051	8051	8048	8047	8046	8045	8045	8045	8044	8044	8043	8041	8040	8040	8040	8039	8039	8039	8034	8033	8033	8032	8032	8031	8029	
8132	8132	8132	8133	8134	8135	8136	8136	8137	8138	8138	8138	8140	8141	8141	8143	8145	8147	8147	8148	8148	8150	8150	8151	8151	8152	8153	8153	8154	8154	8155	8155	8156	8158	8158	8159	8163	8163	8163	8167	8169	8172	8172	8172	8172	8173	8173	8173	8174	8175	8176	8177	8177	8178	8178	8178	8181	8181	8182	8183	8184	8184	8185	8186	8187	8187	8188	8189	8189	8190	8191	8191	8192	8192	8192	8194	8195	8195	8195	8196	8199	8203	8203	8204	8205	8207	8207	8214	8216	8216	8216	8218	8219	8220	8225	8225	8227	8227	8228	8230	
8346	8344	8344	8344	8342	8336	8335	8331	8330	8329	8328	8327	8326	8326	8325	8325	8323	8323	8323	8321	8321	8319	8319	8318	8318	8318	8317	8316	8315	8314	8313	8312	8312	8312	8311	8311	8310	8309	8309	8308	8308	8307	8306	8304	8303	8303	8302	8301	8301	8300	8299	8298	8296	8296	8295	8289	8286	8284	8283	8282	8275	8274	8273	8271	8271	8269	8267	8267	8265	8264	8263	8260	8258	8258	8257	8257	8253	8251	8251	8251	8250	8248	8248	8247	8246	8245	8244	8243	8242	8241	8241	8241	8240	8239	8233	8233	8233	8232	8231	8231	
8348	8349	8349	8350	8351	8352	8352	8353	8359	8359	8360	8361	8361	8361	8363	8363	8364	8365	8365	8365	8366	8367	8368	8368	8368	8368	8369	8370	8370	8370	8372	8373	8374	8374	8375	8378	8379	8381	8381	8382	8382	8383	8383	8383	8384	8384	8386	8388	8388	8391	8392	8393	8393	8395	8396	8396	8398	8398	8401	8402	8403	8406	8407	8408	8408	8408	8409	8409	8409	8409	8411	8412	8414	8415	8415	8420	8421	8422	8423	8426	8426	8427	8428	8428	8430	8430	8430	8430	8432	8433	8433	8434	8438	8439	8439	8440	8441	8444	8445	8445	
8544	8543	8542	8542	8540	8540	8539	8538	8536	8536	8536	8534	8533	8531	8530	8526	8525	8524	8523	8521	8521	8519	8519	8519	8517	8517	8516	8516	8514	8512	8512	8512	8511	8511	8510	8510	8510	8507	8506	8504	8503	8501	8499	8497	8496	8495	8494	8493	8492	8492	8491	8490	8489	8489	8488	8488	8488	8487	8487	8486	8485	8485	8483	8482	8482	8482	8481	8481	8481	8480	8480	8479	8479	8478	8476	8472	8471	8469	8469	8468	8468	8466	8464	8463	8462	8460	8459	8458	8457	8456	8455	8454	8452	8452	8450	8449	8449	8449	8448	8446	
8544	8546	8548	8548	8549	8550	8551	8551	8551	8554	8555	8556	8556	8557	8560	8561	8563	8563	8564	8566	8567	8568	8569	8570	8572	8575	8577	8578	8580	8580	8581	8581	8581	8582	8584	8584	8584	8585	8585	8587	8588	8589	8589	8589	8592	8593	8593	8597	8598	8598	8598	8599	8600	8602	8602	8604	8606	8610	8614	8617	8619	8620	8620	8620	8622	8622	8624	8624	8625	8625	8626	8626	8628	8632	8634	8635	8636	8639	8642	8643	8652	8652	8652	8655	8655	8656	8658	8658	8659	8659	8660	8661	8661	8661	8661	8662	8662	8663	8672	8673	
8787	8786	8785	8785	8784	8782	8781	8780	8779	8779	8778	8773	8773	8771	8771	8771	8769	8768	8767	8767	8766	8764	8761	8759	8758	8757	8756	8756	8754	8754	8754	8752	8751	8751	8749	8749	8749	8749	8748	8748	8747	8747	8744	8741	8739	8737	8736	8734	8730	8730	8730	8728	8726	8725	8725	8725	8724	8723	8722	8722	8721	8720	8720	8718	8716	8716	8715	8712	8711	8710	8709	8709	8707	8707	8706	8706	8705	8705	8704	8701	8700	8699	8699	8699	8698	8692	8689	8689	8689	8688	8687	8685	8684	8684	8683	8683	8680	8676	8675	8675	
8789	8790	8790	8790	8793	8793	8794	8794	8795	8795	8796	8796	8797	8798	8798	8799	8799	8800	8801	8802	8803	8803	8803	8806	8808	8808	8812	8813	8816	8816	8817	8818	8818	8818	8820	8822	8824	8827	8828	8829	8829	8830	8831	8832	8832	8832	8834	8834	8835	8836	8836	8836	8837	8837	8838	8838	8839	8840	8840	8841	8842	8842	8843	8845	8845	8846	8847	8848	8848	8851	8851	8852	8852	8852	8853	8854	8855	8860	8860	8861	8863	8863	8865	8865	8865	8866	8866	8866	8870	8871	8871	8873	8873	8874	8876	8877	8877	8878	8878	8878	
8985	8982	8981	8977	8976	8973	8972	8971	8971	8970	8970	8970	8969	8968	8967	8966	8964	8964	8963	8963	8962	8960	8954	8953	8953	8951	8950	8949	8949	8949	8948	8945	8945	8944	8944	8941	8939	8938	8935	8935	8933	8931	8931	8930	8930	8930	8930	8929	8928	8927	8926	8926	8924	8923	8921	8920	8920	8920	8919	8917	8915	8915	8915	8915	8913	8913	8912	8912	8910	8909	8909	8908	8908	8907	8906	8904	8904	8900	8899	8897	8897	8895	8895	8893	8892	8890	8890	8890	8888	8887	8887	8886	8886	8884	8884	8882	8882	8881	8881	8879	
8985	8986	8987	8987	8989	8990	8991	8993	8994	8994	8994	8995	8996	8998	8999	9000	9002	9003	9005	9005	9006	9006	9006	9009	9010	9011	9013	9013	9016	9018	9018	9021	9023	9023	9024	9024	9024	9025	9027	9028	9028	9030	9030	9031	9031	9032	9032	9037	9037	9038	9039	9040	9040	9042	9042	9043	9044	9045	9048	9049	9050	9052	9057	9057	9062	9064	9066	9069	9069	9069	9069	9071	9073	9076	9076	9081	9083	9084	9085	9085	9086	9086	9086	9087	9089	9089	9091	9091	9091	9092	9092	9093	9095	9096	9097	9097	9098	9098	9098	9100	
9190	9190	9188	9188	9187	9185	9184	9183	9182	9181	9181	9181	9180	9179	9178	9175	9174	9174	9174	9173	9172	9172	9171	9171	9170	9169	9169	9167	9167	9164	9163	9162	9162	9162	9161	9159	9157	9156	9155	9155	9154	9154	9153	9153	9152	9152	9152	9151	9150	9150	9150	9149	9147	9146	9145	9144	9144	9144	9139	9139	9139	9138	9137	9136	9136	9135	9135	9135	9134	9134	9133	9131	9131	9131	9130	9130	9128	9127	9125	9124	9124	9123	9123	9122	9121	9118	9117	9115	9114	9113	9112	9111	9111	9109	9108	9108	9105	9105	9104	9103	
9191	9193	9195	9196	9197	9200	9205	9205	9206	9209	9210	9213	9214	9214	9216	9217	9219	9220	9221	9223	9224	9226	9227	9227	9227	9228	9230	9230	9230	9233	9234	9238	9238	9238	9240	9242	9244	9245	9247	9248	9249	9252	9253	9253	9254	9255	9258	9258	9258	9259	9261	9261	9268	9268	9268	9271	9271	9271	9271	9272	9272	9274	9274	9275	9275	9276	9276	9277	9278	9278	9280	9280	9281	9281	9281	9282	9282	9282	9282	9283	9284	9286	9287	9288	9290	9291	9292	9293	9293	9293	9294	9296	9296	9297	9297	9297	9302	9304	9306	9308	
9398	9398	9398	9395	9395	9395	9395	9393	9393	9392	9392	9391	9389	9387	9387	9386	9384	9383	9380	9379	9379	9378	9377	9374	9366	9365	9365	9364	9364	9364	9363	9363	9363	9362	9361	9359	9358	9358	9358	9357	9357	9356	9354	9354	9353	9352	9351	9351	9351	9350	9350	9349	9347	9347	9346	9346	9346	9344	9342	9342	9341	9339	9338	9337	9337	9336	9336	9335	9335	9335	9334	9334	9334	9332	9332	9331	9331	9331	9327	9326	9325	9324	9323	9322	9322	9321	9320	9318	9318	9318	9313	9313	9313	9312	9311	9311	9311	9310	9310	9309	
9398	9399	9401	9401	9402	9402	9403	9404	9404	9406	9406	9407	9411	9411	9412	9414	9416	9419	9421	9422	9422	9422	9423	9423	9424	9426	9426	9428	9430	9430	9432	9433	9433	9435	9435	9436	9437	9437	9437	9442	9444	9445	9445	9445	9447	9447	9450	9450	9452	9453	9454	9454	9455	9455	9455	9456	9458	9458	9458	9459	9460	9460	9464	9465	9465	9467	9467	9471	9471	9472	9474	9474	9476	9479	9479	9481	9483	9486	9486	9487	9488	9489	9489	9489	9490	9491	9491	9492	9492	9493	9493	9493	9493	9493	9496	9497	9497	9497	9498	9499	
9597	9597	9597	9596	9596	9593	9592	9592	9591	9590	9590	9589	9589	9588	9587	9586	9584	9584	9583	9583	9583	9583	9580	9579	9578	9576	9574	9574	9573	9572	9572	9572	9571	9570	9569	9567	9562	9562	9561	9560	9558	9558	9557	9556	9555	9554	9553	9552	9552	9552	9551	9551	9549	9545	9545	9544	9543	9542	9541	9540	9538	9537	9534	9534	9530	9530	9529	9528	9527	9526	9526	9526	9524	9524	9523	9523	9522	9522	9522	9522	9521	9519	9518	9518	9517	9516	9516	9515	9511	9510	9507	9507	9506	9506	9505	9505	9505	9504	9504	9503	
9598	9601	9603	9603	9605	9606	9607	9609	9610	9610	9611	9612	9613	9614	9614	9615	9616	9618	9619	9619	9622	9623	9625	9625	9626	9626	9627	9628	9628	9628	9630	9630	9630	9631	9632	9632	9635	9636	9636	9637	9637	9640	9643	9645	9646	9646	9646	9649	9650	9651	9651	9653	9654	9654	9656	9656	9656	9657	9658	9658	9659	9663	9665	9666	9666	9666	9667	9667	9668	9668	9670	9671	9671	9672	9672	9676	9677	9677	9678	9678	9679	9679	9679	9681	9683	9684	9686	9686	9686	9687	9689	9689	9692	9692	9693	9694	9696	9696	9697	9700	
9799	9797	9796	9794	9794	9794	9793	9793	9790	9788	9786	9785	9784	9782	9782	9782	9780	9778	9777	9777	9777	9776	9775	9775	9775	9773	9773	9772	9770	9768	9768	9768	9766	9765	9760	9758	9756	9756	9755	9754	9754	9752	9751	9750	9749	9749	9749	9748	9747	9747	9745	9745	9744	9744	9743	9741	9741	9740	9739	9738	9738	9737	9736	9733	9732	9731	9731	9731	9730	9729	9728	9727	9727	9724	9723	9722	9722	9721	9721	9721	9721	9720	9718	9717	9716	9715	9714	9712	9712	9711	9711	9711	9710	9707	9707	9704	9703	9702	9701	9700	
9799	9800	9800	9800	9801	9801	9802	9804	9804	9804	9807	9808	9808	9809	9811	9811	9812	9813	9814	9814	9821	9821	9823	9825	9827	9828	9829	9830	9831	9831	9835	9835	9835	9837	9838	9839	9839	9840	9840	9841	9842	9843	9845	9846	9847	9847	9848	9852	9853	9853	9854	9855	9856	9857	9859	9859	9859	9860	9862	9863	9863	9864	9865	9865	9866	9866	9866	9871	9872	9873	9875	9875	9877	9878	9879	9879	9883	9884	9886	9886	9886	9886	9887	9888	9889	9894	9894	9894	9895	9895	9895	9898	9899	9899	9899	9900	9900	9901	9901	9902	
9999	9999	9998	9993	9991	9991	9990	9988	9988	9986	9986	9985	9983	9983	9982	9981	9981	9977	9976	9976	9974	9974	9974	9972	9971	9971	9971	9969	9967	9967	9967	9966	9966	9964	9964	9963	9960	9960	9959	9959	9957	9957	9956	9956	9955	9955	9955	9954	9953	9952	9952	9951	9951	9950	9950	9950	9950	9950	9949	9948	9948	9947	9946	9944	9941	9941	9941	9938	9937	9936	9935	9935	9935	9933	9932	9929	9928	9928	9927	9927	9926	9925	9925	9923	9922	9921	9919	9918	9917	9916	9916	9914	9913	9913	9912	9911	9909	9909	9904	9904	
